-0.166307004541 0.976892825513 -0.134247486764 0.307226594945 
0.977919909867 0.180868229201 0.104686835617 -14.003403365641 
0.126548923845 -0.113873136110 -0.985402597290 286.119804646257 
0.000000000000 0.000000000000 0.000000000000 1.000000000000 

-0.065292146939 0.996118888440 -0.059026228422 -2.062737658713 
0.997340835879 0.067062706344 0.028528065230 -23.304713881703 
0.032375803250 -0.057006609367 -0.997848712908 284.866587613588 
0.000000000000 0.000000000000 0.000000000000 1.000000000000 

0.518262451130 0.854908989721 -0.023122522428 -12.530994083903 
0.833044142756 -0.510755623290 -0.212523291658 -6.824670824317 
-0.193498030918 0.090880760183 -0.976882387731 288.259281905651 
0.000000000000 0.000000000000 0.000000000000 1.000000000000 

