-0.165199447869 0.976013200215 -0.141800477536 2.826998086488 
0.977549648139 0.181105521007 0.107691576666 -14.791351197383 
0.130789249741 -0.120826417915 -0.984019892525 287.408974753805 
0.000000000000 0.000000000000 0.000000000000 1.000000000000 

-0.065232369240 0.995746526808 -0.065066061454 0.449439069922 
0.997317616474 0.067227001352 0.028949994127 -24.091433128479 
0.033201052305 -0.063003052616 -0.997460929303 286.157283364503 
0.000000000000 0.000000000000 0.000000000000 1.000000000000 

0.516502517919 0.855697061770 -0.031744093328 -9.991662371909 
0.833518947212 -0.510915956278 -0.210264239135 -7.619383466292 
-0.196141055422 0.082142705691 -0.977129091922 289.672448490455 
0.000000000000 0.000000000000 0.000000000000 1.000000000000 

