每幅图像的标定误差：
第1幅图像的误差：2.47646像素	第1幅图像的单角点平均误差：0.0281416像素
第2幅图像的误差：2.4708像素	第2幅图像的单角点平均误差：0.0280773像素
第3幅图像的误差：2.26114像素	第3幅图像的单角点平均误差：0.0256948像素
总平均误差：2.4028像素		总体单角点平均误差：0.0273046像素

相机内参数矩阵：
[10643.1940543245, 0, 1002.920109092176;
  0, 10641.58991172958, 1112.095610390851;
  0, 0, 1]

畸变系数：
[-0.1456387898695393, 1.181672536052223, -0.0001182263798323059, -0.003914232934056897, -133.8006402328358]


第1幅图像的旋转向量：
[-1.903389204909298;
  -2.270474783475658;
  0.01279749717987352]
第1幅图像的旋转矩阵：
[-0.1651994478687371, 0.9760132002153193, -0.1418004775355677;
  0.9775496481386673, 0.1811055210068676, 0.1076915766659499;
  0.1307892497410689, -0.1208264179154605, -0.984019892525495]
第1幅图像的平移向量：
[2.82699808648846;
  -14.79135119738319;
  287.4089747538053]

第2幅图像的旋转向量：
[-2.100364372674449;
  -2.24458842913646;
  0.03588636676441478]
第2幅图像的旋转矩阵：
[-0.06523236924002052, 0.9957465268080127, -0.06506606145382575;
  0.9973176164739118, 0.06722700135239568, 0.02894999412711419;
  0.03320105230453775, -0.06300305261607825, -0.9974609293034625]
第2幅图像的平移向量：
[0.4494390699221172;
  -24.09143312847872;
  286.1572833645025]

第3幅图像的旋转向量：
[2.585596831197145;
  1.453673627698081;
  -0.1961090997952472]
第3幅图像的旋转矩阵：
[0.5165025179190258, 0.8556970617701697, -0.03174409332781626;
  0.8335189472119832, -0.5109159562782554, -0.2102642391347217;
  -0.1961410554216891, 0.08214270569061156, -0.9771290919217847]
第3幅图像的平移向量：
[-9.991662371908735;
  -7.619383466291575;
  289.6724484904554]


